0000101PEDIDO01.0001673744000482
0000202755457         00027200
0000302751139         00028800
00004021181           00028800
0000502753233         00028800
00006021165           00028800
0000702754160         00013320
0000802751177         00032000
0000902DENISE QUIRGO  00028800
0001002755468         00033600
000110290000948       00013320
0001202755234         00028800
00013021000059        00028800
0001402700924         00013320
0001502755365         00019200
0001602755235         00028800
0001702755321         00017600
0001802755402         00036800
00019021104           00028800
0002002751167         00000000
00021021030           00006660
