0000101PEDIDO01.0001673744000482
0000202ADRIANA DA SILV00000000
00003021432           00000000
0000402CAMILA DA MOTT 00000000
0000502755401         00000000
0000602755487         00000000
0000702755293         00000000
0000802755419         00000000
0000902755414         00000000
0001002751029         00000000
0001102EVANDRO MCANTO 00000000
0001202755494         00000000
0001302755412         00000000
0001402751171         00000000
0001502JOANA ANGEL    00000000
0001602755330         00000000
0001702751063         00000000
0001802755326         00000000
0001902MARCELO GOMES  00000000
000200220290117       00000000
0002102755296         00000000
00022021080           00000000
0002302755379         00000000
0002402755380         00000000
00025021371           00000000
0002602SUELEN MENDONCA00000000
0002702755272         00000000
0002802755249         00000000
0002902755386         00000000
0003002755199         00000000
0003102755470         00000000
00032990000000000
