0000101PEDIDO01.0001673744000482
00002021181           00026000
0000302755457         00026000
0000402751139         00026000
0000502755233         00026000
0000602751177         00026000
0000702DENISE QUIRGO  00026000
0000802755468         00026000
000090290000948       00014800
0001002755234         00026000
0001102700924         00014800
0001202755365         00026000
0001302755235         00026000
0001402755321         00026000
0001502755402         00026000
00016021104           00026000
0001702751167         00026000
00018021030           00014800
00019990000408400
