0000101PEDIDO01.0001673744000482
0000202753622         00273.00
0000302754203         00273.00
0000402754656         00273.00
0000502755401         00155.40
0000602755293         00273.00
0000702755419         00155.40
0000802753502         00273.00
0000902755464         00155.40
0001002754929         00273.00
0001102701039         00273.00
0001202755412         00273.00
0001302755153         00273.00
0001402755142         00273.00
0001502755330         00273.00
0001602755413         00273.00
0001702755404         00273.00
0001802755326         00273.00
0001902755469         00273.00
0002002755154         00273.00
0002102755461         00273.00
0002202755296         00273.00
0002302755169         00273.00
0002402754478         00273.00
0002502755379         00273.00
0002602755380         00273.00
0002702755193         00273.00
0002802753454         00273.00
0002902755385         00155.40
0003002755386         00273.00
0003102755199         00273.00
0003202755249         00155.40
00033990000007875
