0000101PEDIDO01.0001673744000482
0000202ADRIANA DA SILV00026000
00003021432           00026000
0000402CAMILA DA MOTT 00026000
0000502755401         00014800
0000602755487         00026000
0000702755293         00026000
0000802755419         00014800
0000902DOUGLAS DA SILV00026000
0001002755414         00014800
0001102751029         00026000
0001202EVANDRO MCANTO 00026000
0001302755494         00026000
0001402755412         00026000
0001502751171         00026000
0001602JOANA ANGEL    00026000
0001702755330         00026000
0001802755413         00014800
0001902755404         00026000
0002002751063         00026000
0002102755326         00026000
0002202MARCELO GOMES  00026000
000230220290117       00026000
0002402751172         00026000
0002502755461         00026000
0002602755296         00026000
0002702RAPHAEL        00026000
00028021080           00026000
0002902755379         00026000
0003002755380         00014800
00031021371           00014800
0003202SUELEN MENDONCA00026000
0003302755272         00026000
0003402755249         00026000
0003502755385         00014800
0003602755386         00026000
0003702755199         00026000
0003802755470         00026000
