0000101PEDIDO01.0001673744000482
0000202755249         00026000
000030220290117       00026000
0000402755386         00026000
0000502EVANDRO MCANTO 00026000
0000602751063         00026000
0000702751172         00026000
0000802755293         00026000
0000902ADRIANA DA SILV00026000
0001002SUELEN MENDONCA00026000
0001102RAPHAEL        00026000
00012021080           00026000
0001302DOUGLAS DA SILV00026000
0001402CAMILA DA MOTT 00026000
00015021371           00014800
0001602JOANA ANGEL    00026000
0001702MARCELO GOMES  00026000
0001802751029         00026000
0001902751171         00026000
0002002755199         00026000
0002102755330         00007800
0002202755296         00026000
0002302755326         00026000
00024021432           00026000
0002502755272         00026000
0002602755401         00014800
0002702755404         00026000
0002802755379         00026000
0002902755380         00014800
0003002755385         00014800
0003102755414         00014800
0003202755412         00026000
0003302755413         00014800
0003402755419         00014800
0003502755461         00026000
0003602755470         00026000
0003702755487         00026000
0003802755494         00026000
00039990000865400
