0000101PEDIDO01.0001673744000482
0000202755249         00028600
000030220290117       00028600
0000402755386         00028600
0000502EVANDRO MCANTO 00028600
0000602751063         00028600
0000702751172         00028600
0000802755293         00028600
0000902ADRIANA DA SILV00028600
0001002SUELEN MENDONÇA00027300
0001102RAPHAEL        00028600
00012021080           00028600
0001302DOUGLAS DA SILV00028600
0001402CAMILA DA MOTT 00028600
00015021371           00029900
0001602JOANA ANGEL    00028600
0001702MARCELO GOMES  00028600
0001802751029         00009100
0001902751171         00028600
0002002755197         00028600
0002102755199         00028600
0002202755330         00028600
0002302755296         00028600
0002402755326         00028600
00025021432           00028600
0002602755272         00028600
0002702755401         00016280
0002802755404         00000000
0002902755379         00028600
0003002755380         00028600
0003102755385         00000000
0003202755414         00016280
0003302755412         00028600
0003402755413         00016280
0003502755419         00016280
0003602755461         00028600
0003702755470         00028600
00038990000903620
