0000101PEDIDO01.0001673744000482
0000202ADRIANA DA SILV00036800
00003021432           00036800
0000402755401         00018170
0000502755487         00036800
0000602755293         00036800
0000702755419         00018170
0000802755414         00018170
0000902751029         00036800
0001002EVANDRO MCANTO 00036800
0001102755494         00036800
0001202755412         00036800
0001302751171         00036800
0001402JOANA ANGEL    00036800
0001502755404         00036800
0001602751063         00036800
0001702755326         00036800
0001802MARCELO GOMES  00036800
000190220290117       00036800
0002002755296         00036800
00021021080           00036800
0002202755379         00036800
0002302755380         00018170
00024021371           00018170
0002502SUELEN MENDONCA00036800
0002602755272         00036800
0002702755249         00036800
0002802755386         00036800
0002902755199         00036800
0003002755470         00036800
00031990000974050
