0000101PEDIDO01.0001673744000482
0000202ADRIANA DA SILV00028800
00003021432           00003200
0000402CAMILA DA MOTT 00028800
0000502755401         00014220
0000602755487         00030400
0000702755293         00028800
0000802755419         00014220
0000902755414         00014220
0001002751029         00028800
0001102EVANDRO MCANTO 00028800
0001202755494         00028800
0001302755412         00028800
0001402751171         00028800
0001502JOANA ANGEL    00028800
0001602755330         00028800
0001702755404         00032000
0001802751063         00035200
0001902755326         00028800
0002002MARCELO GOMES  00030400
000210220290117       00028800
0002202755296         00028800
00023021080           00028800
0002402755379         00014400
0002502755380         00014220
00026021371           00014220
0002702SUELEN MENDONCA00028800
0002802755272         00028800
0002902755249         00028800
0003002755386         00028800
0003102755199         00028800
0003202755470         00032000
00033990000795900
