0000101PEDIDO01.0001673744000482
0000202ADRIANA DA SILV00023400
00003021181           00023400
0000402753296         00023400
0000502CAMILA DA MOTT 00023400
0000602755401         00013320
0000702755293         00023400
0000802755419         00013320
0000902DOUGLAS DA SILV00023400
0001002755414         00013320
0001102751029         00023400
0001202EVANDRO MCANTO 00023400
0001302755412         00023400
0001402751171         00023400
0001502JOANA ANGEL    00023400
0001602755330         00023400
0001702755413         00023400
0001802755404         00023400
0001902755326         00023400
0002002755469         00023400
0002102751172         00023400
0002202755461         00023400
0002302755296         00023400
0002402RAPHAEL        00023400
00025021080           00023400
0002602755379         00013320
0002702755380         00023400
0002802SUELEN MENDONCA00023400
0002902755249         00023400
0003002755385         00013320
0003102755386         00023400
0003202755199         00023400
