0000101PEDIDO01.0001673744000482
0000202753622         00028600
0000302754203         00029900
0000402754656         00029900
0000502755401         00017020
0000602755293         00029900
0000702755419         00017020
0000802753502         00029900
0000902755464         00017020
0001002754929         00029900
0001102701039         00029900
0001202755412         00029900
0001302755153         00029900
0001402755142         00029900
0001502755330         00029900
0001602755413         00029900
0001702755404         00029900
0001802755326         00029900
0001902755469         00029900
0002002755154         00029900
0002102755461         00029900
0002202755296         00029900
0002302755169         00029900
0002402754478         00029900
0002502755379         00029900
0002602755380         00029900
0002702755193         00029900
0002802753454         00029900
0002902755385         00017020
0003002755386         00029900
0003102755199         00029900
0003202755249         00017020
00033990000861200
