0000101PEDIDO01.0001673744000482
0000202ADRIANA DA SILV00027300
0000302CAMILA DA MOTT 00027300
0000402755401         00015540
0000502755293         00027300
0000602755419         00015540
0000702DOUGLAS DA SILV00027300
0000802755414         00015540
0000902751029         00027300
0001002EVANDRO MCANTO 00027300
0001102755412         00027300
0001202751171         00007800
0001302JOANA ANGEL    00027300
0001402755330         00027300
0001502755413         00015540
0001602755404         00027300
0001702755326         00027300
000180220290117       00027300
0001902751172         00027300
0002002755461         00027300
0002102755296         00027300
0002202RAPHAEL        00027300
00023021080           00027300
0002402755379         00027300
0002502755380         00027300
0002602755193         00027300
0002702SUELEN MENDONÇA00027300
0002802755249         00027300
0002902755385         00015540
0003002755386         00027300
0003102755199         00027300
0003202755470         00027300
00033990000768000
