0000101PEDIDO01.0001673744000482
0000202               75524900
000030220290117       70089200
0000402               75538600
0000502EVANDRO MCANTO 70103900
0000602751063         75496600
0000702               70092400
000080290000948       70099300
0000902751172         75515400
0001002               75529300
0001102ADRIANA DA SILV75362200
0001202SUELEN MENDONÇA75345400
0001302RAPHAEL        75516900
00014021080           75447800
0001502DOUGLAS DA SILV75350200
00016021104           75409200
0001702CAMILA DA MOTT 75465600
00018021371           75448000
0001902JOANA ANGEL    75514200
0002002MARCELO GOMES  75370900
0002102DENISE QUIRGO  75509500
0002202751029         75492900
0002302751139         75508900
0002402751171         75515300
0002502751177         75514400
0002602               75519300
0002702755197         75519800
0002802               75519900
00029021030           75521200
0003002               75523500
0003102               75523400
0003202               75533000
0003302               75523300
0003402               75529600
0003502751167         75513100
0003602               75532600
00037021432           75457300
0003802               75527200
00039021181           75420300
0004002               75540100
0004102               75540400
0004202               75536500
0004302               75532100
0004402               75540200
0004502               75537900
0004602               75538000
0004702               75538500
0004802755414         75546400
0004902               75541200
0005002755413         75544700
0005102               75541900
0005202               75545700
0005302               75546100
0005402               75546800
0005502               75547000
00056994055588000
