0000101PEDIDO01.0001673744000482
0000202753622         00027300
0000302754656         00027300
0000402755401         00015540
0000502755293         00027300
0000602755419         00015540
0000702753502         00027300
0000802755464         00015540
0000902754929         00027300
0001002701039         00027300
0001102755412         00027300
0001202755153         00027300
0001302755142         00027300
0001402755330         00027300
0001502755447         00027300
0001602755404         00027300
0001702755326         00027300
0001802700892         00027300
0001902755154         00027300
0002002755461         00027300
0002102755296         00027300
0002202755169         00027300
0002302754478         00027300
0002402755379         00027300
0002502755380         00027300
0002602755193         00027300
0002702753454         00027300
0002802755249         00027300
0002902755385         00000000
0003002755386         00027300
0003102755199         00027300
0003202755470         00027300
00033990000783720
