0000101PEDIDO01.0001673744000482
0000202ADRIANA DA SILV00035200
00003021432           00035200
0000402CAMILA DA MOTT 00035200
0000502755401         00017380
0000602755487         00035200
0000702755293         00035200
0000802755419         00017380
0000902755414         00017380
0001002751029         00035200
0001102EVANDRO MCANTO 00035200
0001202755494         00035200
0001302755412         00035200
0001402751171         00035200
0001502JOANA ANGEL    00035200
0001602755330         00035200
0001702751063         00035200
0001802755326         00035200
0001902MARCELO GOMES  00035200
000200220290117       00035200
0002102755296         00035200
00022021080           00035200
0002302755379         00035200
0002402755380         00017380
00025021371           00017380
0002602SUELEN MENDONCA00035200
0002702755272         00035200
0002802755249         00035200
0002902755386         00035200
0003002755199         00035200
0003102755470         00035200
00032990000966900
