0000101PEDIDO01.0001673744000482
0000202               00273.00
0000302               00273.00
0000402               00273.00
0000502               00155.40
0000602               00273.00
0000702               00155.40
0000802               00273.00
0000902               00155.40
0001002               00273.00
0001102               00273.00
0001202               00273.00
0001302               00273.00
0001402               00273.00
0001502               00273.00
0001602               00273.00
0001702               00273.00
0001802               00273.00
0001902               00273.00
0002002               00273.00
0002102               00273.00
0002202               00273.00
0002302               00273.00
0002402               00273.00
0002502               00273.00
0002602               00273.00
0002702               00273.00
0002802               00273.00
0002902               00155.40
0003002               00273.00
0003102               00273.00
0003202               00155.40
00033990000007875
