0000101PEDIDO01.0001673744000482
0000202755457         00028800
0000302751139         00028800
00004021181           00032000
0000502753233         00028800
0000602751177         00032000
0000702DENISE QUIRGO  00028800
0000802755468         00033600
000090290000948       00013430
0001002755234         00032000
00011021000059        00028800
0001202700924         00013430
0001302755365         00032000
0001402755235         00028800
0001502755321         00028800
0001602755402         00033600
00017021104           00028800
0001802751167         00032000
00019021030           00015010
00020990000499470
