0000101PEDIDO01.0001673744000482
0000202755470         00027300
0000302755457         00027300
0000402755089         00027300
0000502754573         00027300
0000602755233         00027300
0000702755144         00010400
0000802755095         00027300
0000902700993         00015540
0001002755234         00027300
0001102755409         00027300
0001202755198         00027300
0001302700924         00014300
0001402754966         00027300
0001502753709         00027300
0001602755365         00027300
0001702755235         00027300
0001802755321         00009100
0001902755402         00027300
0002002754092         00007800
0002102754480         00027300
0002202755272         00027300
0002302755131         00027300
0002402755212         00015540
00025990000536780
