0000101PEDIDO01.0001673744000482
0000202ADRIANA DA SILV00028800
00003021432           00033600
0000402CAMILA DA MOTT 00028800
0000502755401         00013320
0000602755487         00036800
0000702755293         00028800
0000802755419         00013320
0000902DOUGLAS DA SILV00028800
0001002755414         00013320
0001102751029         00028800
0001202EVANDRO MCANTO 00028800
0001302755494         00028800
0001402755412         00028800
0001502751171         00028800
0001602JOANA ANGEL    00028800
0001702755330         00028800
0001802755413         00012580
0001902755404         00000000
0002002751063         00036800
0002102755326         00028800
0002202MARCELO GOMES  00003200
000230220290117       00028800
0002402751172         00000000
0002502755461         00000000
0002602755296         00028800
0002702RAPHAEL        00028800
00028021080           00028800
0002902755379         00028800
0003002755380         00013320
00031021371           00017020
0003202SUELEN MENDONCA00028800
0003302755272         00036800
0003402755249         00028800
0003502755385         00013320
0003602755386         00028800
0003702755199         00028800
0003802755470         00036800
00039990000885000
