0000101PEDIDO01.0001673744000482
0000202755249         00018200
0000302755386         00024700
0000402EVANDRO MCANTO 00024700
0000502751172         00024700
0000602753296         00024700
0000702755293         00024700
0000802ADRIANA DA SILV00024700
0000902SUELEN MENDONÇA00024700
0001002RAPHAEL        00024700
00011021080           00024700
0001202DOUGLAS DA SILV00024700
0001302CAMILA DA MOTT 00024700
0001402JOANA ANGEL    00024700
0001502751029         00024700
0001602751171         00024700
0001702755199         00024700
0001802755330         00023400
0001902755296         00024700
0002002755326         00024700
00021021181           00024700
0002202755401         00014060
0002302755404         00024700
0002402755379         00014060
0002502755380         00024700
0002602755385         00014060
0002702755412         00024700
0002802755413         00024700
0002902755419         00014060
0003002755461         00024700
0003102755414         00014060
0003202755469         00024700
