0000101PEDIDO01.0001673744000482
0000202755249         00026000
0000302755386         00026000
0000402701039         00026000
0000502755154         00026000
0000602753296         00026000
0000702755293         00026000
0000802753622         00026000
0000902753454         00026000
0001002755169         00026000
0001102754478         00026000
0001202753502         00026000
0001302754656         00026000
0001402755142         00026000
0001502754929         00026000
0001602755153         00026000
0001702755199         00026000
0001802755330         00026000
0001902755296         00026000
0002002755326         00026000
0002102754203         00026000
0002202755401         00014800
0002302755404         00026000
0002402755379         00014060
0002502755380         00026000
0002602755385         00014800
0002702755412         00026000
0002802755413         00026000
0002902755419         00014800
0003002755461         00026000
0003102755464         00014800
0003202755469         00026000
