0000101PEDIDO01.0001673744000482
0000202ADRIANA DA SILV00273.00
00003021181           00273.00
0000402CAMILA DA MOTT 00273.00
0000502               00155.40
0000602               00273.00
0000702               00155.40
0000802DOUGLAS DA SILV00273.00
0000902755414         00155.40
0001002751029         00273.00
0001102EVANDRO MCANTO 00273.00
0001202               00273.00
0001302751171         00273.00
0001402JOANA ANGEL    00273.00
0001502               00273.00
0001602               00273.00
0001702               00273.00
0001802               00273.00
0001902               00273.00
0002002751172         00273.00
0002102               00273.00
0002202               00273.00
0002302RAPHAEL        00273.00
00024021080           00273.00
0002502               00273.00
0002602               00273.00
0002702               00273.00
0002802SUELEN MENDONÇA00273.00
0002902               00155.40
0003002               00273.00
0003102               00273.00
0003202               00155.40
00033990000007875
