0000101PEDIDO01.0001673744000482
0000202753622         00029900
0000302754656         00029900
0000402755401         00017020
0000502755293         00029900
0000602755419         00017020
0000702753502         00029900
0000802755464         00017020
0000902754929         00029900
0001002701039         00029900
0001102755412         00029900
0001202755153         00029900
0001302755142         00019500
0001402755330         00029900
0001502755447         00029900
0001602755404         00029900
0001702755326         00029900
0001802700892         00029900
0001902755154         00029900
0002002755461         00029900
0002102755296         00029900
0002202755169         00029900
0002302754478         00029900
0002402755379         00029900
0002502755380         00029900
0002602755193         00029900
0002702753454         00029900
0002802755249         00029900
0002902755385         00017020
0003002755386         00029900
0003102755199         00029900
0003202755470         00029900
00033990000864980
