0000101PEDIDO01.0001673744000482
0000202753622         00027300
0000302754203         00027300
0000402754656         00027300
0000502755401         00015540
0000602755293         00027300
0000702755419         00015540
0000802753502         00027300
0000902755464         00015540
0001002754929         00027300
0001102701039         00027300
0001202755412         00027300
0001302755153         00027300
0001402755142         00027300
0001502755330         00027300
0001602755413         00027300
0001702755404         00027300
0001802755326         00027300
0001902755469         00027300
0002002755154         00027300
0002102755461         00027300
0002202755296         00027300
0002302755169         00027300
0002402754478         00027300
0002502755379         00027300
0002602755380         00027300
0002702755193         00027300
0002802753454         00027300
0002902755385         00015540
0003002755386         00027300
0003102755199         00027300
0003202755249         00015540
00033990000787500
