0000101PEDIDO01.0001673744000482
0000202ADRIANA DA SILV00024700
00003021181           00028600
0000402753296         00026000
0000502CAMILA DA MOTT 00026000
0000602755401         00014800
0000702755293         00026000
0000802755419         00014800
0000902DOUGLAS DA SILV00026000
0001002755414         00014800
0001102751029         00026000
0001202EVANDRO MCANTO 00026000
0001302755412         00026000
0001402751171         00026000
0001502JOANA ANGEL    00026000
0001602755330         00026000
0001702755413         00026000
0001802755404         00026000
0001902755326         00026000
0002002755469         00026000
0002102751172         00026000
0002202755461         00026000
0002302755296         00026000
0002402RAPHAEL        00026000
00025021080           00026000
0002602755379         00015540
0002702755380         00026000
0002802SUELEN MENDONÇA00026000
0002902755249         00026000
0003002755385         00014800
0003102755386         00026000
0003202755199         00026000
