0000101PEDIDO01.0001673744000482
0000202ADRIANA DA SILV00027300
00003021181           00027300
0000402CAMILA DA MOTT 00027300
0000502755401         00015540
0000602755293         00027300
0000702755419         00015540
0000802DOUGLAS DA SILV00027300
0000902755414         00015540
0001002751029         00027300
0001102EVANDRO MCANTO 00027300
0001202755412         00027300
0001302751171         00027300
0001402JOANA ANGEL    00027300
0001502755330         00027300
0001602755413         00027300
0001702755404         00027300
0001802755326         00027300
0001902755469         00027300
0002002751172         00027300
0002102755461         00027300
0002202755296         00027300
0002302RAPHAEL        00027300
00024021080           00027300
0002502755379         00027300
0002602755380         00027300
0002702755193         00027300
0002802SUELEN MENDONÇA00027300
0002902755385         00015540
0003002755386         00027300
0003102755199         00027300
0003202755249         00015540
00033990000787500
