0000101PEDIDO01.0001673744000482
0000202               75524900
0000302               75538600
0000402EVANDRO MCANTO 70103900
0000502751063         75496600
0000602               70092400
000070290000948       70099300
0000802751172         75515400
0000902               75529300
0001002ADRIANA DA SILV75362200
0001102SUELEN MENDONÇA75345400
0001202RAPHAEL        75516900
00013021080           75447800
0001402DOUGLAS DA SILV75350200
00015021104           75409200
0001602CAMILA DA MOTT 75465600
00017021371           75448000
0001802JOANA ANGEL    75514200
0001902MARCELO GOMES  75370900
0002002DENISE QUIRGO  75509500
0002102751029         75492900
0002202751139         75508900
0002302751171         75515300
0002402751177         75514400
0002502               75519300
0002602755197         75519800
0002702               75519900
00028021030           75521200
0002902               75523500
0003002               75523400
0003102               75533000
0003202               75523300
0003302               75529600
0003402751167         75513100
0003502               75532600
00036021432           75457300
0003702               75527200
00038021181           75420300
0003902               75540100
0004002               75540400
0004102               75536500
0004202               75532100
0004302               75540200
0004402               75537900
0004502               75538000
0004602               75538500
0004702               75541200
0004802               75540900
0004902               75541300
0005002               75541900
0005102               75545700
0005202               75546100
0005302755414         75546400
0005402               75547000
0005502               75546900
00056994061036400
