0000101PEDIDO01.0001673744000482
0000202755249         00028600
000030220290117       00028600
0000402755386         00028600
0000502EVANDRO MCANTO 00028600
0000602751063         00028600
0000702751172         00028600
0000802755293         00028600
0000902ADRIANA DA SILV00028600
0001002SUELEN MENDONÇA00028600
0001102RAPHAEL        00028600
00012021080           00028600
0001302DOUGLAS DA SILV00028600
0001402CAMILA DA MOTT 00028600
00015021371           00016280
0001602JOANA ANGEL    00028600
0001702MARCELO GOMES  00028600
0001802751029         00028600
0001902751171         00028600
0002002755199         00028600
0002102755330         00028600
0002202755296         00028600
0002302755326         00028600
00024021432           00028600
0002502755272         00028600
0002602755401         00016280
0002702755404         00028600
0002802755379         00028600
0002902755380         00016280
0003002755385         00016280
0003102755414         00016280
0003202755412         00028600
0003302755413         00016280
0003402755419         00016280
0003502755461         00028600
0003602755470         00028600
0003702755487         00028600
0003802755494         00028600
00039990000971960
