0000101PEDIDO01.0001673744000482
0000202755249         00010400
0000302755386         00026000
0000402EVANDRO MCANTO 00026000
0000502751172         00026000
0000602753296         00026000
0000702755293         00026000
0000802ADRIANA DA SILV00026000
0000902SUELEN MENDONÇA00026000
0001002RAPHAEL        00026000
00011021080           00026000
0001202DOUGLAS DA SILV00026000
0001302CAMILA DA MOTT 00026000
0001402JOANA ANGEL    00026000
0001502751029         00026000
0001602751171         00026000
0001702755199         00026000
0001802755330         00026000
0001902755296         00026000
0002002755326         00026000
00021021181           00026000
0002202755401         00014800
0002302755404         00026000
0002402755379         00010400
0002502755380         00026000
0002602755385         00014800
0002702755412         00026000
0002802755413         00026000
0002902755419         00014800
0003002755461         00026000
0003102755414         00014800
0003202755469         00026000
00033990000730000
