0000101PEDIDO01.0001673744000482
0000202755470         00027300
0000302755457         00027300
0000402751139         00027300
00005021432           00027300
0000602755233         00027300
0000702751177         00010400
0000802DENISE QUIRGO  00027300
000090290000948       00015540
0001002755234         00027300
0001102755409         00027300
0001202755197         00027300
0001302700924         00014300
0001402751063         00027300
0001502MARCELO GOMES  00027300
0001602755365         00027300
0001702755235         00027300
0001802755321         00009100
0001902755402         00027300
00020021104           00007800
00021021371           00027300
0002202755272         00027300
0002302751167         00027300
00024021030           00015540
0002502755463         00046200
00026990000582980
