0000101PEDIDO01.0001673744000482
0000202ADRIANA DA SILV00035200
00003021432           00040000
0000402CAMILA DA MOTT 00035200
0000502755401         00016280
0000602755487         00043200
0000702755293         00035200
0000802755419         00016280
0000902DOUGLAS DA SILV00035200
0001002755414         00016280
0001102751029         00035200
0001202EVANDRO MCANTO 00035200
0001302755494         00035200
0001402755412         00035200
0001502751171         00035200
0001602JOANA ANGEL    00035200
0001702755330         00035200
0001802755413         00015540
0001902755404         00006400
0002002751063         00043200
0002102755326         00035200
0002202MARCELO GOMES  00009600
000230220290117       00035200
0002402751172         00006400
0002502755461         00006400
0002602755296         00035200
0002702RAPHAEL        00035200
00028021080           00035200
0002902755379         00035200
0003002755380         00016280
00031021371           00019980
0003202SUELEN MENDONCA00035200
0003302755272         00043200
0003402755249         00035200
0003502755385         00016280
0003602755386         00035200
0003702755199         00035200
0003802755470         00043200
00039990001097720
