0000101PEDIDO01.0001673744000482
00002021181           00000000
0000302755457         00028600
0000402751139         00028600
0000502753233         00028600
0000602751177         00028600
0000702DENISE QUIRGO  00028600
0000802755468         00029900
000090290000948       00016280
0001002755234         00028600
0001102700924         00016280
0001202755365         00019500
0001302755235         00028600
0001402755321         00028600
0001502755402         00029900
00016021104           00028600
0001702751167         00000000
00018021030           00016280
0001902755433         00000000
00020021000059        00028600
0002102754160         00016280
00022021165           00028600
00023990000459020
