0000101PEDIDO01.0001673744000482
000020200273.00
000030200273.00
000040200273.00
000050200155.40
000060200273.00
000070200155.40
000080200273.00
000090200155.40
000100200273.00
000110200273.00
000120200273.00
000130200273.00
000140200273.00
000150200273.00
000160200273.00
000170200273.00
000180200273.00
000190200273.00
000200200273.00
000210200273.00
000220200273.00
000230200273.00
000240200273.00
000250200273.00
000260200273.00
000270200273.00
000280200273.00
000290200155.40
000300200273.00
000310200273.00
000320200155.40
00033990000007875
