0000101PEDIDO01.0001673744000482
00002021181           00026000
0000302755457         00026000
0000402751139         00026000
00005021432           00026000
0000602755233         00026000
0000702751177         00026000
0000802DENISE QUIRGO  00026000
0000902755468         00026000
000100290000948       00014800
0001102755234         00026000
0001202755197         00026000
0001302700924         00014800
0001402751063         00026000
0001502MARCELO GOMES  00026000
0001602755365         00026000
0001702755235         00026000
0001802755321         00026000
0001902755402         00026000
00020021104           00026000
00021021371           00026000
0002202755272         00026000
0002302751167         00026000
00024021030           00014800
00025990000564400
