0000101PEDIDO01.0001673744000482
0000202ADRIANA DA SILV00028600
00003021181           00028600
0000402753296         00028600
0000502CAMILA DA MOTT 00028600
0000602755401         00016280
0000702755293         00028600
0000802755419         00016280
0000902DOUGLAS DA SILV00028600
0001002755414         00016280
0001102751029         00028600
0001202EVANDRO MCANTO 00028600
0001302755412         00028600
0001402751171         00028600
0001502JOANA ANGEL    00028600
0001602755330         00028600
0001702755413         00028600
0001802755404         00028600
0001902755326         00028600
0002002755469         00028600
0002102751172         00028600
0002202755461         00028600
0002302755296         00028600
0002402RAPHAEL        00028600
00025021080           00028600
0002602755379         00016280
0002702755380         00028600
0002802SUELEN MENDONÇA00028600
0002902755249         00028600
0003002755385         00016280
0003102755386         00028600
0003202755199         00028600
