0000101PEDIDO01.0001673744000482
0000202ADRIANA DA SILV00026000
0000302CAMILA DA MOTT 00026000
0000402755401         00014800
0000502755293         00026000
0000602755419         00014800
0000702DOUGLAS DA SILV00026000
0000802755414         00014800
0000902751029         00026000
0001002EVANDRO MCANTO 00026000
0001102755412         00026000
0001202751171         00026000
0001302JOANA ANGEL    00026000
0001402755330         00026000
0001502755413         00014800
0001602755404         00026000
0001702755326         00026000
000180220290117       00026000
0001902751172         00026000
0002002755461         00026000
0002102755296         00026000
0002202RAPHAEL        00026000
00023021080           00026000
0002402755379         00026000
0002502755380         00026000
0002602755193         00026000
0002702SUELEN MENDONÇA00026000
0002802755249         00026000
0002902755385         00014800
0003002755386         00026000
0003102755199         00026000
0003202755470         00026000
00033021432           00026000
0003402755197         00026000
0003502751063         00026000
0003602MARCELO GOMES  00026000
00037021371           00026000
0003802755272         00026000
00039990000906000
